sale_date, 销售日期, 201201
class_id, 车型ID, 234567
brand_id, 品牌ID, 234
type_id, 车型类别ID, 1
level_id, 车型级别ID, 1
department_id, 车型系别ID, 1
if_MPV_id, 是否微客MPV, 1
if_luxurious_id, 是否豪华ID, 1


[118.96034141989682, 99.73901368124366, 117.52383384599439, 99.0822360473817]


[123.6818907442643, 101.44887942385037, 121.70821317616455, 103.94356379506644] 107.76915125082418
137.4510

	[124.46425429348024, 103.71166593444498, 125.8195214941654, 106.16609562784396] 109.15886369506863
	137.90
	
	[120.38814939154976, 98.0971071319329, 119.77138669179078, 99.47367275102957] 107.39271972679398
	134.58  

		[120.94306605312077, 96.47910357045474, 123.56570900613312, 98.67414745447718] 102.34467186888052
		124.57

			[120.66941109248862, 97.10959517856466, 119.81039422061171, 100.22419319061397] 99.5930290445412
			125.4979
			
			[122.38245807785692, 97.28732111063978, 121.19854626952333, 99.73705317687636] 103.73051198326904
			124.9668
			
			[120.66482590115231, 96.57320915270503, 120.6693065659463, 99.0133721288937] 100.36058391753772
			126.48

			[121.41045595946471, 98.24102977937243, 118.1667960124115, 97.37349789201812] 104.40071963186736
			120.12

				[118.64756098808388, 98.191246074825, 119.10826325527363, 101.5815296376821] 103.61603786039318
				124.4632

				[115.4483434196696, 94.13592913750978, 112.58621349198981, 95.40731272249967] 97.6350407320672（-）
				129.4965

				[120.31712697732975, 95.09238602258745, 119.7372710915382, 100.04939953988149] 103.93867672009237
				119.9971

					[118.96034141989682, 99.73901368124366, 117.52383384599439, 99.0822360473817] 104.01913991491018
					118.26

			[119.4949512041215, 96.06022223317648, 119.21113345562982, 99.06894513682913] 99.34535664881041
			126.3337

			[120.2511340066738, 97.57780409780146, 119.72303440230121, 100.43044812449712] 100.22939241121999
			127.4741

			[123.53627376034899, 97.47639809092024, 121.275699295618, 100.23431855802144] 103.69140373171034
			125.0760

			[118.87604639773257, 97.00313762284904, 119.06550889156775, 100.87908235311463] 101.57014056387888
			126.0567
		
		[114.03314263248683, 94.36226383557972, 117.29944306982911, 96.91978108875325] 95.47727559660957（-）
		138.7959
		
		[119.7155902413106, 98.48676706089802, 120.80824719593814, 99.3537585785806] 103.22208444150354
		129.15
	
	[124.2836050877992, 100.43940182511813, 125.6427097050286, 101.33062803848415] 103.89420351676227 (-)
	137.53

[123.0812769174407, 104.1404129169926, 123.09403089491697, 106.44386557308052] 108.65562606942521
140.0085






